25 6 0.5 0.7 0.3 1.2 7.5 1.2 300 350.0
0 1 0 0 0 0 0 6 0 2 0 0 0 5 0 14 0 13 4 0 0 0 0 0 9
1 0 8 9 0 0 0 0 5 9 0 13 8 0 0 0 0 1 0 0 0 0 0 11 6
0 8 0 8 0 0 0 0 0 0 0 0 14 7 2 0 0 0 0 0 5 0 0 0 0
0 9 8 0 11 0 0 0 9 0 2 0 3 10 0 0 6 0 0 0 0 3 0 0 0
0 0 0 11 0 3 2 0 14 0 5 0 0 0 0 5 10 0 10 0 0 0 10 0 0
0 0 0 0 3 0 3 12 4 0 2 10 0 0 0 0 0 0 14 8 0 0 0 0 0
0 0 0 0 2 3 0 6 12 9 0 0 0 13 0 0 2 2 0 0 13 0 0 2 13
6 0 0 0 0 12 6 0 14 0 10 4 13 13 0 0 9 0 0 0 2 11 0 0 0
0 5 0 9 14 4 12 14 0 5 0 0 8 0 4 4 0 0 5 0 0 4 0 0 0
2 9 0 0 0 0 9 0 5 0 9 0 0 0 2 4 0 0 0 0 0 0 0 0 0
0 0 0 2 5 2 0 10 0 9 0 13 7 0 0 0 4 0 0 0 0 0 6 0 0
0 13 0 0 0 10 0 4 0 0 13 0 2 0 0 0 0 0 0 0 0 0 0 0 0
0 8 14 3 0 0 0 13 8 0 7 2 0 5 2 0 7 13 2 11 0 0 0 0 0
5 0 7 10 0 0 13 13 0 0 0 0 5 0 4 0 3 0 0 0 0 0 13 5 11
0 0 2 0 0 0 0 0 4 2 0 0 2 4 0 14 0 14 9 5 0 12 0 0 11
14 0 0 0 5 0 0 0 4 4 0 0 0 0 14 0 2 0 1 0 10 8 0 0 1
0 0 0 6 10 0 2 9 0 0 4 0 7 3 0 2 0 5 0 1 14 14 0 0 0
13 1 0 0 0 0 2 0 0 0 0 0 13 0 14 0 5 0 3 12 0 0 0 0 0
4 0 0 0 10 14 0 0 5 0 0 0 2 0 9 1 0 3 0 11 6 2 0 0 12
0 0 0 0 0 8 0 0 0 0 0 0 11 0 5 0 1 12 11 0 9 3 0 0 0
0 0 5 0 0 0 13 2 0 0 0 0 0 0 0 10 14 0 6 9 0 2 0 0 0
0 0 0 3 0 0 0 11 4 0 0 0 0 0 12 8 14 0 2 3 2 0 6 0 13
0 0 0 0 10 0 0 0 0 0 6 0 0 13 0 0 0 0 0 0 0 6 0 10 0
0 11 0 0 0 0 2 0 0 0 0 0 0 5 0 0 0 0 0 0 0 0 10 0 7
9 6 0 0 0 0 13 0 0 0 0 0 0 11 11 1 0 0 12 0 0 13 0 7 0