50 23 0.8 0.4 0.6 1.5 9.5 1.8 420 500.0
0 21 6 28 0 2 23 0 0 18 0 0 0 0 0 25 0 5 23 0 0 0 0 0 0 0 20 24 0 18 0 0 0 4 0 24 25 23 7 28 0 0 29 0 0 17 0 19 0 24
21 0 16 0 0 3 0 0 14 0 0 0 2 0 0 0 24 0 0 0 0 0 0 0 28 0 0 0 0 4 0 13 0 0 6 0 3 0 0 0 0 0 0 0 0 0 0 0 0 0
6 16 0 18 24 0 0 0 0 0 5 0 0 0 0 0 0 15 17 19 0 0 16 16 25 16 0 0 0 5 0 0 0 17 0 0 8 19 0 0 16 20 15 0 0 17 0 0 24 0
28 0 18 0 21 26 0 0 9 0 14 20 0 0 0 0 5 27 0 0 29 25 0 0 2 0 0 22 0 2 0 27 2 0 2 27 0 0 29 18 0 0 10 0 0 0 0 0 1 27
0 0 24 21 0 5 0 7 0 0 0 0 0 24 5 0 4 20 0 17 7 26 17 0 1 0 0 0 0 0 0 24 0 2 0 26 22 25 28 1 9 16 20 0 0 0 5 0 0 0
2 3 0 26 5 0 26 0 0 0 0 0 0 3 19 0 0 16 15 17 0 8 0 5 0 0 0 0 0 0 0 0 0 0 10 0 0 0 0 2 0 0 3 0 16 19 19 4 0 0
23 0 0 0 0 26 0 27 0 0 0 0 1 17 0 3 0 23 7 25 26 17 0 0 0 0 0 0 0 24 0 15 0 20 11 26 0 0 0 0 27 0 0 0 14 0 0 1 0 0
0 0 0 0 7 0 27 0 16 11 4 0 0 0 0 15 0 0 0 0 0 7 21 0 0 8 13 0 0 0 0 6 0 28 0 0 0 0 0 15 0 27 23 0 18 11 14 0 15 0
0 14 0 9 0 0 0 16 0 12 0 0 0 0 7 0 29 0 0 0 6 0 0 20 0 0 0 3 4 0 11 28 29 0 10 14 0 0 0 17 1 7 17 8 6 0 0 0 7 21
18 0 0 0 0 0 0 11 12 0 23 0 0 0 0 0 0 0 0 0 0 0 0 0 0 3 9 0 23 0 0 15 0 0 0 16 0 0 0 0 0 0 0 28 5 14 0 15 12 0
0 0 5 14 0 0 0 4 0 23 0 1 0 18 0 19 11 2 13 26 0 0 5 0 0 19 26 7 11 16 0 0 0 0 0 19 0 0 2 0 0 0 23 12 10 29 0 0 0 6
0 0 0 20 0 0 0 0 0 0 1 0 3 0 10 22 0 0 18 1 1 0 0 0 25 0 0 0 0 0 22 0 0 29 25 23 19 0 0 0 1 0 0 0 8 0 0 0 0 0
0 2 0 0 0 0 1 0 0 0 0 3 0 18 29 19 0 0 0 0 0 0 0 0 0 0 12 0 23 26 0 7 0 0 0 0 0 4 25 0 0 20 0 0 0 26 0 6 0 0
0 0 0 0 24 3 17 0 0 0 18 0 18 0 2 0 0 0 0 26 0 2 0 13 0 0 11 0 0 0 0 27 0 0 3 13 0 0 0 0 4 29 27 28 12 1 0 0 0 28
0 0 0 0 5 19 0 0 7 0 0 10 29 2 0 5 0 0 0 14 9 0 9 0 0 7 0 0 0 0 0 0 0 0 7 0 0 24 16 0 12 8 0 22 0 0 17 0 1 7
25 0 0 0 0 0 3 15 0 0 19 22 19 0 5 0 9 0 0 29 11 0 0 0 8 0 0 0 0 0 9 0 0 0 0 0 0 0 5 0 0 0 0 17 19 0 1 0 0 0
0 24 0 5 4 0 0 0 29 0 11 0 0 0 0 9 0 16 0 0 0 0 7 0 0 4 0 0 13 14 7 0 2 0 0 0 0 7 26 7 20 0 17 0 0 0 19 0 4 0
5 0 15 27 20 16 23 0 0 0 2 0 0 0 0 0 16 0 13 11 2 14 0 0 23 27 0 11 0 0 24 0 0 0 0 10 0 0 0 21 11 0 3 10 0 0 15 14 0 16
23 0 17 0 0 15 7 0 0 0 13 18 0 0 0 0 0 13 0 9 0 2 0 24 0 0 12 0 0 0 0 0 11 0 0 15 22 0 0 0 24 4 0 0 0 0 0 17 0 0
0 0 19 0 17 17 25 0 0 0 26 1 0 26 14 29 0 11 9 0 12 0 0 10 28 0 0 11 0 0 0 0 0 0 0 7 0 0 6 11 3 0 0 18 18 19 0 0 0 0
0 0 0 29 7 0 26 0 6 0 0 1 0 0 9 11 0 2 0 12 0 25 0 0 0 0 0 22 0 0 0 24 0 23 0 0 18 23 0 10 13 0 18 20 0 0 0 0 0 29
0 0 0 25 26 8 17 7 0 0 0 0 0 2 0 0 0 14 2 0 25 0 3 0 2 0 22 0 0 15 0 22 0 0 29 0 3 13 0 13 0 0 5 0 0 0 0 0 2 14
0 0 16 0 17 0 0 21 0 0 5 0 0 0 9 0 7 0 0 0 0 3 0 29 0 0 11 0 21 0 0 0 0 18 0 0 0 0 6 0 0 0 14 0 13 15 0 0 0 0
0 0 16 0 0 5 0 0 20 0 0 0 0 13 0 0 0 0 24 10 0 0 29 0 26 0 20 4 18 0 0 0 0 0 0 0 0 21 0 0 11 0 12 8 0 0 0 0 25 16
0 28 25 2 1 0 0 0 0 0 0 25 0 0 0 8 0 23 0 28 0 2 0 26 0 2 1 0 11 0 17 0 0 29 24 0 28 0 0 15 0 9 8 7 0 0 0 0 2 0
0 0 16 0 0 0 0 8 0 3 19 0 0 0 7 0 4 27 0 0 0 0 0 0 2 0 15 0 4 0 12 0 0 11 0 10 0 5 0 23 0 0 26 0 0 29 15 22 0 25
20 0 0 0 0 0 0 13 0 9 26 0 12 11 0 0 0 0 12 0 0 22 11 20 1 15 0 7 14 26 0 0 0 0 9 12 0 0 0 0 0 17 0 0 17 0 4 22 0 15
24 0 0 22 0 0 0 0 3 0 7 0 0 0 0 0 0 11 0 11 22 0 0 4 0 0 7 0 1 0 19 15 0 0 4 0 0 0 0 0 0 11 18 20 28 18 26 0 0 21
0 0 0 0 0 0 0 0 4 23 11 0 23 0 0 0 13 0 0 0 0 0 21 18 11 4 14 1 0 28 0 0 0 26 8 7 26 0 0 0 5 0 0 3 26 0 25 27 4 21
18 4 5 2 0 0 24 0 0 0 16 0 26 0 0 0 14 0 0 0 0 15 0 0 0 0 26 0 28 0 1 0 0 10 0 0 0 0 15 0 4 0 0 3 28 0 22 0 14 14
0 0 0 0 0 0 0 0 11 0 0 22 0 0 0 9 7 24 0 0 0 0 0 0 17 12 0 19 0 1 0 23 29 16 14 18 0 23 0 0 24 0 0 10 19 0 0 20 14 26
0 13 0 27 24 0 15 6 28 15 0 0 7 27 0 0 0 0 0 0 24 22 0 0 0 0 0 15 0 0 23 0 29 21 0 0 0 0 3 3 0 0 17 0 28 0 19 16 0 0
0 0 0 2 0 0 0 0 29 0 0 0 0 0 0 0 2 0 11 0 0 0 0 0 0 0 0 0 0 0 29 29 0 24 1 1 0 0 16 0 0 0 0 0 0 0 0 12 20 0
4 0 17 0 2 0 20 28 0 0 0 29 0 0 0 0 0 0 0 0 23 0 18 0 29 11 0 0 26 10 16 21 24 0 6 29 0 0 0 22 0 5 15 22 0 24 10 23 0 0
0 6 0 2 0 10 11 0 10 0 0 25 0 3 7 0 0 0 0 0 0 29 0 0 24 0 9 4 8 0 14 0 1 6 0 27 23 0 21 0 0 0 0 26 0 0 0 0 7 0
24 0 0 27 26 0 26 0 14 16 19 23 0 13 0 0 0 10 15 7 0 0 0 0 0 10 12 0 7 0 18 0 1 29 27 0 18 0 27 25 0 0 0 11 2 0 14 0 9 3
25 3 8 0 22 0 0 0 0 0 0 19 0 0 0 0 0 0 22 0 18 3 0 0 28 0 0 0 26 0 0 0 0 0 23 18 0 29 0 0 0 6 0 0 0 12 22 7 0 0
23 0 19 0 25 0 0 0 0 0 0 0 4 0 24 0 7 0 0 0 23 13 0 21 0 5 0 0 0 0 23 0 0 0 0 0 29 0 12 28 0 14 0 0 1 23 10 0 0 20
7 0 0 29 28 0 0 0 0 0 2 0 25 0 16 5 26 0 0 6 0 0 6 0 0 0 0 0 0 15 0 3 16 0 21 27 0 12 0 5 2 0 0 0 27 2 0 28 0 21
28 0 0 18 1 2 0 15 17 0 0 0 0 0 0 0 7 21 0 11 10 13 0 0 15 23 0 0 0 0 0 3 0 22 0 25 0 28 5 0 14 0 24 0 0 0 0 0 0 0
0 0 16 0 9 0 27 0 1 0 0 1 0 4 12 0 20 11 24 3 13 0 0 11 0 0 0 0 5 4 24 0 0 0 0 0 0 0 2 14 0 10 0 19 2 0 0 0 0 0
0 0 20 0 16 0 0 27 7 0 0 0 20 29 8 0 0 0 4 0 0 0 0 0 9 0 17 11 0 0 0 0 0 5 0 0 6 14 0 0 10 0 21 22 0 0 3 0 0 13
29 0 15 10 20 3 0 23 17 0 23 0 0 27 0 0 17 3 0 0 18 5 14 12 8 26 0 18 0 0 0 17 0 15 0 0 0 0 0 24 0 21 0 21 14 0 1 14 0 0
0 0 0 0 0 0 0 0 8 28 12 0 0 28 22 17 0 10 0 18 20 0 0 8 7 0 0 20 3 3 10 0 0 22 26 11 0 0 0 0 19 22 21 0 24 0 6 0 0 0
0 0 0 0 0 16 14 18 6 5 10 8 0 12 0 19 0 0 0 18 0 0 13 0 0 0 17 28 26 28 19 28 0 0 0 2 0 1 27 0 2 0 14 24 0 25 0 22 0 17
17 0 17 0 0 19 0 11 0 14 29 0 26 1 0 0 0 0 0 19 0 0 15 0 0 29 0 18 0 0 0 0 0 24 0 0 12 23 2 0 0 0 0 0 25 0 3 0 0 19
0 0 0 0 5 19 0 14 0 0 0 0 0 0 17 1 19 15 0 0 0 0 0 0 0 15 4 26 25 22 0 19 0 10 0 14 22 10 0 0 0 3 1 6 0 3 0 29 0 21
19 0 0 0 0 4 1 0 0 15 0 0 6 0 0 0 0 14 17 0 0 0 0 0 0 22 22 0 27 0 20 16 12 23 0 0 7 0 28 0 0 0 14 0 22 0 29 0 15 0
0 0 24 1 0 0 0 15 7 12 0 0 0 0 1 0 4 0 0 0 0 2 0 25 2 0 0 0 4 14 14 0 20 0 7 9 0 0 0 0 0 0 0 0 0 0 0 15 0 28
24 0 0 27 0 0 0 0 21 0 6 0 0 28 7 0 0 16 0 0 29 14 0 16 0 25 15 21 21 14 26 0 0 0 0 3 0 20 21 0 0 13 0 0 17 19 21 0 28 0