Input parameters:
n: 25
n1: 6
alpha: 0.5
beta: 0.7
delta: 0.3
eta: 1.2
rho: 7.5
gamma: 1.2
nu: 300.0
tau: 350.0

with graph:
[0, 1, 0, 0, 0, 0, 0, 6, 0, 2, 0, 0, 0, 5, 0, 14, 0, 13, 4, 0, 0, 0, 0, 0, 9]
[1, 0, 8, 9, 0, 0, 0, 0, 5, 9, 0, 13, 8, 0, 0, 0, 0, 1, 0, 0, 0, 0, 0, 11, 6]
[0, 8, 0, 8, 0, 0, 0, 0, 0, 0, 0, 0, 14, 7, 2, 0, 0, 0, 0, 0, 5, 0, 0, 0, 0]
[0, 9, 8, 0, 11, 0, 0, 0, 9, 0, 2, 0, 3, 10, 0, 0, 6, 0, 0, 0, 0, 3, 0, 0, 0]
[0, 0, 0, 11, 0, 3, 2, 0, 14, 0, 5, 0, 0, 0, 0, 5, 10, 0, 10, 0, 0, 0, 10, 0, 0]
[0, 0, 0, 0, 3, 0, 3, 12, 4, 0, 2, 10, 0, 0, 0, 0, 0, 0, 14, 8, 0, 0, 0, 0, 0]
[0, 0, 0, 0, 2, 3, 0, 6, 12, 9, 0, 0, 0, 13, 0, 0, 2, 2, 0, 0, 13, 0, 0, 2, 13]
[6, 0, 0, 0, 0, 12, 6, 0, 14, 0, 10, 4, 13, 13, 0, 0, 9, 0, 0, 0, 2, 11, 0, 0, 0]
[0, 5, 0, 9, 14, 4, 12, 14, 0, 5, 0, 0, 8, 0, 4, 4, 0, 0, 5, 0, 0, 4, 0, 0, 0]
[2, 9, 0, 0, 0, 0, 9, 0, 5, 0, 9, 0, 0, 0, 2, 4, 0, 0, 0, 0, 0, 0, 0, 0, 0]
[0, 0, 0, 2, 5, 2, 0, 10, 0, 9, 0, 13, 7, 0, 0, 0, 4, 0, 0, 0, 0, 0, 6, 0, 0]
[0, 13, 0, 0, 0, 10, 0, 4, 0, 0, 13, 0, 2, 0, 0, 0, 0, 0, 0, 0, 0, 0, 0, 0, 0]
[0, 8, 14, 3, 0, 0, 0, 13, 8, 0, 7, 2, 0, 5, 2, 0, 7, 13, 2, 11, 0, 0, 0, 0, 0]
[5, 0, 7, 10, 0, 0, 13, 13, 0, 0, 0, 0, 5, 0, 4, 0, 3, 0, 0, 0, 0, 0, 13, 5, 11]
[0, 0, 2, 0, 0, 0, 0, 0, 4, 2, 0, 0, 2, 4, 0, 14, 0, 14, 9, 5, 0, 12, 0, 0, 11]
[14, 0, 0, 0, 5, 0, 0, 0, 4, 4, 0, 0, 0, 0, 14, 0, 2, 0, 1, 0, 10, 8, 0, 0, 1]
[0, 0, 0, 6, 10, 0, 2, 9, 0, 0, 4, 0, 7, 3, 0, 2, 0, 5, 0, 1, 14, 14, 0, 0, 0]
[13, 1, 0, 0, 0, 0, 2, 0, 0, 0, 0, 0, 13, 0, 14, 0, 5, 0, 3, 12, 0, 0, 0, 0, 0]
[4, 0, 0, 0, 10, 14, 0, 0, 5, 0, 0, 0, 2, 0, 9, 1, 0, 3, 0, 11, 6, 2, 0, 0, 12]
[0, 0, 0, 0, 0, 8, 0, 0, 0, 0, 0, 0, 11, 0, 5, 0, 1, 12, 11, 0, 9, 3, 0, 0, 0]
[0, 0, 5, 0, 0, 0, 13, 2, 0, 0, 0, 0, 0, 0, 0, 10, 14, 0, 6, 9, 0, 2, 0, 0, 0]
[0, 0, 0, 3, 0, 0, 0, 11, 4, 0, 0, 0, 0, 0, 12, 8, 14, 0, 2, 3, 2, 0, 6, 0, 13]
[0, 0, 0, 0, 10, 0, 0, 0, 0, 0, 6, 0, 0, 13, 0, 0, 0, 0, 0, 0, 0, 6, 0, 10, 0]
[0, 11, 0, 0, 0, 0, 2, 0, 0, 0, 0, 0, 0, 5, 0, 0, 0, 0, 0, 0, 0, 0, 10, 0, 7]
[9, 6, 0, 0, 0, 0, 13, 0, 0, 0, 0, 0, 0, 11, 11, 1, 0, 0, 12, 0, 0, 13, 0, 7, 0]

Observation 1
Present instant: 17.5
Number of move events: 3714
Number of evaporation events: 0
Top candidate cycles:
{}

{}

{}

Best Hamiltonian cycle:
{}


Observation 2
Present instant: 35.0
Number of move events: 6739
Number of evaporation events: 183
Top candidate cycles:
{6,11,4,17,20,21,22,19,18,7,5,23,14,24,25,16,9,2,1,10,15,3,13,12,8}:115
{6,7,24,14,4,22,23,11,10,1,2,25,16,17,20,15,3,21,8,12,13,18,19,9,5}:115
{}

Best Hamiltonian cycle:
{6,11,4,17,20,21,22,19,18,7,5,23,14,24,25,16,9,2,1,10,15,3,13,12,8}:115


Observation 3
Present instant: 52.5
Number of move events: 10125
Number of evaporation events: 1738
Top candidate cycles:
{6,11,23,22,19,5,7,18,2,1,10,15,14,24,25,16,9,13,12,8,21,3,4,17,20}:101
{6,11,4,17,20,21,22,19,18,7,5,23,14,24,25,16,9,2,1,10,15,3,13,12,8}:115
{6,7,24,14,4,22,23,11,10,1,2,25,16,17,20,15,3,21,8,12,13,18,19,9,5}:115
Best Hamiltonian cycle:
{6,11,23,22,19,5,7,18,2,1,10,15,14,24,25,16,9,13,12,8,21,3,4,17,20}:101


Observation 4
Present instant: 70.0
Number of move events: 13531
Number of evaporation events: 3846
Top candidate cycles:
{6,11,23,22,19,5,7,18,2,1,10,15,14,24,25,16,9,13,12,8,21,3,4,17,20}:101
{6,7,24,25,1,2,18,19,22,21,8,12,13,4,11,17,20,15,3,14,23,5,16,10,9}:103
{6,20,17,7,18,19,16,9,22,15,10,1,2,25,24,14,3,21,8,12,13,4,11,23,5}:104
Best Hamiltonian cycle:
{6,11,23,22,19,5,7,18,2,1,10,15,14,24,25,16,9,13,12,8,21,3,4,17,20}:101


Observation 5
Present instant: 87.5
Number of move events: 16721
Number of evaporation events: 6135
Top candidate cycles:
{6,11,23,22,19,5,7,18,2,1,10,15,14,24,25,16,9,13,12,8,21,3,4,17,20}:101
{6,7,24,25,1,2,18,19,22,21,8,12,13,4,11,17,20,15,3,14,23,5,16,10,9}:103
{6,20,17,7,18,19,16,9,22,15,10,1,2,25,24,14,3,21,8,12,13,4,11,23,5}:104
Best Hamiltonian cycle:
{6,11,23,22,19,5,7,18,2,1,10,15,14,24,25,16,9,13,12,8,21,3,4,17,20}:101


Observation 6
Present instant: 105.0
Number of move events: 19883
Number of evaporation events: 8526
Top candidate cycles:
{6,11,23,22,19,5,7,18,2,1,10,15,14,24,25,16,9,13,12,8,21,3,4,17,20}:101
{6,7,24,25,1,2,18,19,22,21,8,12,13,4,11,17,20,15,3,14,23,5,16,10,9}:103
{6,20,17,7,18,19,16,9,22,15,10,1,2,25,24,14,3,21,8,12,13,4,11,23,5}:104
Best Hamiltonian cycle:
{6,11,23,22,19,5,7,18,2,1,10,15,14,24,25,16,9,13,12,8,21,3,4,17,20}:101


Observation 7
Present instant: 122.5
Number of move events: 23024
Number of evaporation events: 10908
Top candidate cycles:
{6,11,23,22,19,5,7,18,2,1,10,15,14,24,25,16,9,13,12,8,21,3,4,17,20}:101
{6,7,24,25,1,2,18,19,22,21,8,12,13,4,11,17,20,15,3,14,23,5,16,10,9}:103
{6,20,17,7,18,19,16,9,22,15,10,1,2,25,24,14,3,21,8,12,13,4,11,23,5}:104
Best Hamiltonian cycle:
{6,11,23,22,19,5,7,18,2,1,10,15,14,24,25,16,9,13,12,8,21,3,4,17,20}:101


Observation 8
Present instant: 140.0
Number of move events: 26134
Number of evaporation events: 13294
Top candidate cycles:
{6,11,23,22,19,5,7,18,2,1,10,15,14,24,25,16,9,13,12,8,21,3,4,17,20}:101
{6,7,24,25,1,2,18,19,22,21,8,12,13,4,11,17,20,15,3,14,23,5,16,10,9}:103
{6,20,17,7,18,19,16,9,22,15,10,1,2,25,24,14,3,21,8,12,13,4,11,23,5}:104
Best Hamiltonian cycle:
{6,11,23,22,19,5,7,18,2,1,10,15,14,24,25,16,9,13,12,8,21,3,4,17,20}:101


Observation 9
Present instant: 157.5
Number of move events: 29196
Number of evaporation events: 15712
Top candidate cycles:
{6,11,23,22,19,5,7,18,2,1,10,15,14,24,25,16,9,13,12,8,21,3,4,17,20}:101
{6,7,24,25,1,2,18,19,22,21,8,12,13,4,11,17,20,15,3,14,23,5,16,10,9}:103
{6,20,17,7,18,19,16,9,22,15,10,1,2,25,24,14,3,21,8,12,13,4,11,23,5}:104
Best Hamiltonian cycle:
{6,11,23,22,19,5,7,18,2,1,10,15,14,24,25,16,9,13,12,8,21,3,4,17,20}:101


Observation 10
Present instant: 175.0
Number of move events: 32255
Number of evaporation events: 18189
Top candidate cycles:
{6,11,23,22,19,5,7,18,2,1,10,15,14,24,25,16,9,13,12,8,21,3,4,17,20}:101
{6,7,24,25,1,2,18,19,22,21,8,12,13,4,11,17,20,15,3,14,23,5,16,10,9}:103
{6,20,17,7,18,19,16,9,22,15,10,1,2,25,24,14,3,21,8,12,13,4,11,23,5}:104
Best Hamiltonian cycle:
{6,11,23,22,19,5,7,18,2,1,10,15,14,24,25,16,9,13,12,8,21,3,4,17,20}:101


Observation 11
Present instant: 192.5
Number of move events: 35288
Number of evaporation events: 20636
Top candidate cycles:
{6,11,23,22,19,5,7,18,2,1,10,15,14,24,25,16,9,13,12,8,21,3,4,17,20}:101
{6,7,24,25,1,2,18,19,22,21,8,12,13,4,11,17,20,15,3,14,23,5,16,10,9}:103
{6,20,17,7,18,19,16,9,22,15,10,1,2,25,24,14,3,21,8,12,13,4,11,23,5}:104
Best Hamiltonian cycle:
{6,11,23,22,19,5,7,18,2,1,10,15,14,24,25,16,9,13,12,8,21,3,4,17,20}:101


Observation 12
Present instant: 210.0
Number of move events: 38330
Number of evaporation events: 22984
Top candidate cycles:
{6,11,23,22,19,5,7,18,2,1,10,15,14,24,25,16,9,13,12,8,21,3,4,17,20}:101
{6,7,24,25,1,2,18,19,22,21,8,12,13,4,11,17,20,15,3,14,23,5,16,10,9}:103
{6,20,17,7,18,19,16,9,22,15,10,1,2,25,24,14,3,21,8,12,13,4,11,23,5}:104
Best Hamiltonian cycle:
{6,11,23,22,19,5,7,18,2,1,10,15,14,24,25,16,9,13,12,8,21,3,4,17,20}:101


Observation 13
Present instant: 227.5
Number of move events: 41456
Number of evaporation events: 25573
Top candidate cycles:
{6,11,23,22,19,5,7,18,2,1,10,15,14,24,25,16,9,13,12,8,21,3,4,17,20}:101
{6,7,24,25,1,2,18,19,22,21,8,12,13,4,11,17,20,15,3,14,23,5,16,10,9}:103
{6,20,17,7,18,19,16,9,22,15,10,1,2,25,24,14,3,21,8,12,13,4,11,23,5}:104
Best Hamiltonian cycle:
{6,11,23,22,19,5,7,18,2,1,10,15,14,24,25,16,9,13,12,8,21,3,4,17,20}:101


Observation 14
Present instant: 245.0
Number of move events: 44460
Number of evaporation events: 28050
Top candidate cycles:
{6,11,23,22,19,5,7,18,2,1,10,15,14,24,25,16,9,13,12,8,21,3,4,17,20}:101
{6,7,24,25,1,2,18,19,22,21,8,12,13,4,11,17,20,15,3,14,23,5,16,10,9}:103
{6,20,17,7,18,19,16,9,22,15,10,1,2,25,24,14,3,21,8,12,13,4,11,23,5}:104
Best Hamiltonian cycle:
{6,11,23,22,19,5,7,18,2,1,10,15,14,24,25,16,9,13,12,8,21,3,4,17,20}:101


Observation 15
Present instant: 262.5
Number of move events: 47475
Number of evaporation events: 30629
Top candidate cycles:
{6,11,23,22,19,5,7,18,2,1,10,15,14,24,25,16,9,13,12,8,21,3,4,17,20}:101
{6,7,24,25,1,2,18,19,22,21,8,12,13,4,11,17,20,15,3,14,23,5,16,10,9}:103
{6,20,17,7,18,19,16,9,22,15,10,1,2,25,24,14,3,21,8,12,13,4,11,23,5}:104
Best Hamiltonian cycle:
{6,11,23,22,19,5,7,18,2,1,10,15,14,24,25,16,9,13,12,8,21,3,4,17,20}:101


Observation 16
Present instant: 280.0
Number of move events: 50542
Number of evaporation events: 33194
Top candidate cycles:
{6,11,23,22,19,5,7,18,2,1,10,15,14,24,25,16,9,13,12,8,21,3,4,17,20}:101
{6,7,24,25,1,2,18,19,22,21,8,12,13,4,11,17,20,15,3,14,23,5,16,10,9}:103
{6,20,17,7,18,19,16,9,22,15,10,1,2,25,24,14,3,21,8,12,13,4,11,23,5}:104
Best Hamiltonian cycle:
{6,11,23,22,19,5,7,18,2,1,10,15,14,24,25,16,9,13,12,8,21,3,4,17,20}:101


Observation 17
Present instant: 297.5
Number of move events: 53536
Number of evaporation events: 35697
Top candidate cycles:
{6,11,23,22,19,5,7,18,2,1,10,15,14,24,25,16,9,13,12,8,21,3,4,17,20}:101
{6,7,24,25,1,2,18,19,22,21,8,12,13,4,11,17,20,15,3,14,23,5,16,10,9}:103
{6,20,17,7,18,19,16,9,22,15,10,1,2,25,24,14,3,21,8,12,13,4,11,23,5}:104
Best Hamiltonian cycle:
{6,11,23,22,19,5,7,18,2,1,10,15,14,24,25,16,9,13,12,8,21,3,4,17,20}:101


Observation 18
Present instant: 315.0
Number of move events: 56522
Number of evaporation events: 38259
Top candidate cycles:
{6,11,23,22,19,5,7,18,2,1,10,15,14,24,25,16,9,13,12,8,21,3,4,17,20}:101
{6,7,24,25,1,2,18,19,22,21,8,12,13,4,11,17,20,15,3,14,23,5,16,10,9}:103
{6,20,17,7,18,19,16,9,22,15,10,1,2,25,24,14,3,21,8,12,13,4,11,23,5}:104
Best Hamiltonian cycle:
{6,11,23,22,19,5,7,18,2,1,10,15,14,24,25,16,9,13,12,8,21,3,4,17,20}:101


Observation 19
Present instant: 332.5
Number of move events: 59599
Number of evaporation events: 40754
Top candidate cycles:
{6,11,23,22,19,5,7,18,2,1,10,15,14,24,25,16,9,13,12,8,21,3,4,17,20}:101
{6,7,24,25,1,2,18,19,22,21,8,12,13,4,11,17,20,15,3,14,23,5,16,10,9}:103
{6,20,17,7,18,19,16,9,22,15,10,1,2,25,24,14,3,21,8,12,13,4,11,23,5}:104
Best Hamiltonian cycle:
{6,11,23,22,19,5,7,18,2,1,10,15,14,24,25,16,9,13,12,8,21,3,4,17,20}:101


Observation 20
Present instant: 350.0
Number of move events: 62621
Number of evaporation events: 43387
Top candidate cycles:
{6,9,19,16,25,2,1,10,15,13,12,8,21,3,14,17,18,20,22,4,11,23,24,7,5}:95
{6,11,23,22,19,5,7,18,2,1,10,15,14,24,25,16,9,13,12,8,21,3,4,17,20}:101
{6,7,24,25,1,2,18,19,22,21,8,12,13,4,11,17,20,15,3,14,23,5,16,10,9}:103
Best Hamiltonian cycle:
{6,9,19,16,25,2,1,10,15,13,12,8,21,3,14,17,18,20,22,4,11,23,24,7,5}:95